Question ID	Question Type	No. of times practised	No. of times answered correctly
q5630	5	1	0
q3868	5	1	0
q214	2	1	1
q759	2	1	1
q8176	7	1	1
q6158	7	1	1
q5627	5	3	2
q10042	7	1	1
q5416	5	2	1
q5762	5	2	1
q5283	5	2	1
q6096	7	2	1
q9447	7	2	0
q5282	5	2	0
q5388	5	2	0
q4030	5	2	0
q17064	7	2	0
q4430	4	2	0
q4537	4	2	0
q5094	5	2	0
q5917	5	2	0
q5967	5	4	0
q3741	4	4	0
q6148	7	4	0
q5680	5	4	0
q5384	5	4	0
q5652	5	4	0
q262	2	4	0
q4688	4	0	0
q4609	4	3	0
q6489	6	3	0
q3819	3	3	0
q6491	5	3	0
q10039	7	3	0
q6447	6	3	0
q6123	5	0	0
q3884	4	2	0
q721	2	0	0
q1229	2	0	0
q1231	2	0	0
q11261	7	1	0
q351	2	1	0
q1006	3	1	0
q1097	3	1	0
q11259	7	1	0
q537	2	1	0
q4757	5	1	0
q4321	3	1	0
q5687	5	3	0
q10088	7	2	0
q4761	5	2	0
q8700	7	1	0
q5667	5	1	0
q10153	7	1	0
q4285	4	1	0
q6430	7	1	0
q4596	4	1	0
q10240	7	1	0
q4894	5	1	0
q5329	5	1	0
q4498	5	1	0
q9758	5	1	0
q4597	5	1	0
q4775	5	1	0
q4536	5	1	0
q9707	7	1	0
q4240	3	1	0
q4827	3	1	0
q5322	3	1	0
q5367	3	1	0
q5682	3	1	0
q4205	3	1	0
q4894	3	1	0
q5416	3	1	0
q8975	7	1	0
q5787	4	1	0
q6175	4	1	1
q4558	4	1	1
q9044	4	1	1
q4297	4	1	1
q4297	4	2	1
q5289	4	2	1
q5637	4	2	1
q9007	4	2	1
q5162	4	2	1
q5765	4	2	1
q4849	4	2	1
q8834	5	2	1
q5329	6	3	1
q4775	3	3	1
q362	1	3	1
q11249	7	3	1
q521	3	3	1
q374	2	3	1
q898	2	3	1
q1236	2	3	1
q1199	2	0	0
q1310	2	0	0
q557	2	0	0
q11263	7	0	0
q3928	3	0	0
q5780	5	0	0
q6082	5	0	0
q9542	5	0	0
q6390	5	0	0
q4067	5	0	0
q8700	4	0	0
q4561	4	0	0
q8591	4	0	0
q4478	4	0	0
q4300	4	0	0
